0.906554	0.0567668	0.036679
0.853375	0.0887634	0.0578616
0.927879	0.0423795	0.0297418
0.900783	0.0640356	0.0351815
0.928947	0.0460377	0.0250155
0.922989	0.0520506	0.0249606
0.943963	0.0381052	0.0179317
0.915675	0.0694818	0.0148427
0.926539	0.0228388	0.0506226
0.234468	0.506903	0.258629
0.202672	0.544729	0.252599
0.202811	0.522869	0.27432
0.244364	0.50922	0.246416
0.193702	0.513308	0.29299
0.230884	0.478846	0.29027
0.201919	0.518932	0.279148
0.200409	0.516787	0.282804
0.225661	0.508406	0.265932
0.197889	0.552349	0.249762
0.163716	0.531105	0.305179
0.206199	0.505459	0.288342
0.221389	0.495621	0.282991
0.925332	0.0389287	0.0357394
0.933955	0.0585793	0.00746622
0.981683	0.00462461	0.0136922
0.940374	0.0472029	0.0124227
0.965221	0.00895784	0.0258213
0.951312	0.0369205	0.0117674
0.949737	0.0370078	0.0132554
0.938064	0.0118026	0.0501338
0.942689	0.053739	0.00357182
0.905404	0.0642748	0.0303216
0.931036	0.0563356	0.0126289
0.962273	0.033539	0.00418813
0.906668	0.0433023	0.0500297
0.958209	0.0402059	0.001585
0.964279	0.0268573	0.00886381
0.904276	0.0770204	0.0187039
0.878367	0.0672489	0.0543841
0.937572	0.0240209	0.0384071
0.502407	0.402478	0.0951147
0.528201	0.356974	0.114824
0.533925	0.402434	0.0636418
0.539164	0.378716	0.0821202
0.558541	0.374114	0.0673447
0.595842	0.33574	0.0684175
0.514139	0.389608	0.0962529
0.552132	0.384649	0.0632184
0.550923	0.41434	0.0347365
0.533917	0.413781	0.0523019
0.561286	0.376098	0.0626158
0.57383	0.387363	0.0388066
0.550827	0.390539	0.0586335
0.557095	0.37462	0.0682843
0.564374	0.387164	0.0484621
0.538397	0.386927	0.0746753
0.552661	0.37029	0.0770484
0.537618	0.366732	0.0956504
0.566054	0.353213	0.0807325
0.553328	0.359923	0.0867492
0.490202	3.3558e-06	0.509795
0.463839	3.36574e-06	0.536158
0.46866	3.388e-06	0.531337
0.432636	3.36341e-06	0.56736
0.434474	3.35628e-06	0.565523
0.448136	3.3654e-06	0.551861
0.501148	3.36579e-06	0.498848
0.488971	3.36673e-06	0.511026
0.474577	3.36353e-06	0.525419
0.475724	3.35813e-06	0.524273
0.48415	0.00137023	0.51448
0.497934	3.36958e-06	0.502062
0.483709	0.000390972	0.5159
0.459723	3.39124e-06	0.540274
0.474598	3.36145e-06	0.525399
0.523668	3.35993e-06	0.476329
0.476793	3.37802e-06	0.523204
0.478222	3.35871e-06	0.521775
0.454365	3.39444e-06	0.545631
0.489778	3.36228e-06	0.510219
0.409356	0.517313	0.0733307
0.355164	0.552447	0.092389
0.294827	0.559001	0.146172
0.00336354	0.689092	0.307544
0.382698	0.562103	0.0551997
0.408682	0.555665	0.0356527
0.274995	0.559627	0.165379
0.0106542	0.758477	0.230869
0.427881	0.553687	0.0184319
0.219562	0.624574	0.155863
0.258013	0.57141	0.170578
0.000354742	0.727478	0.272168
0.394936	0.550566	0.0544977
0.272042	0.60071	0.127247
0.242769	0.60354	0.153691
0.00649541	0.732796	0.260709
0.444854	0.542954	0.0121921
0.233127	0.61567	0.151204
0.0119602	0.730476	0.257564
0.003228	0.741106	0.255666
0.361501	0.589459	0.0490404
0.237684	0.580986	0.18133
0.0474373	0.694071	0.258492
0.0141951	0.747879	0.237926
0.423224	0.555023	0.021753
0.216081	0.608965	0.174954
0.000535298	0.738581	0.260884
0.370731	0.554949	0.0743207
0.299041	0.577742	0.123218
0.0242504	0.711985	0.263765
0.051547	0.737202	0.211251
0.0732927	0.722751	0.203956
0.213067	0.613415	0.173518
0.024942	0.715888	0.25917
0.0779621	0.709846	0.212192
0.167956	0.625156	0.206888
0.0112188	0.726447	0.262334
0.0341222	0.679388	0.28649
0.0909	0.716826	0.192274
0.156402	0.694605	0.148994
0.00547257	0.704156	0.290372
0.000616944	0.7603	0.239083
0.0665791	0.704933	0.228488
0.129409	0.704464	0.166126
0.0177039	0.720205	0.262091
0.052873	0.731715	0.215412
0.121461	0.710034	0.168505
0.0184243	0.723696	0.257879
0.125297	0.668143	0.20656
0.10729	0.722127	0.170583
0.0214254	0.758272	0.220302
0.071296	0.698157	0.230547
0.139263	0.67041	0.190327
0.149872	0.642487	0.207641
0.0349404	0.696826	0.268233
0.0969114	0.704641	0.198448
0.0643573	0.727541	0.208102
0.152067	0.689896	0.158038
0.006283	0.719639	0.274078
0.23602	0.554568	0.209413
0.201734	0.606709	0.191557
0.21961	0.63559	0.1448
0.13897	0.591377	0.269653
0.533397	0.45674	0.00986274
0.261225	0.597823	0.140952
0.222872	0.579539	0.197588
0.151494	0.505226	0.34328
0.177178	0.546783	0.276039
0.596815	0.403182	3.35979e-06
0.270875	0.570219	0.158906
0.209791	0.583463	0.206746
0.194267	0.522125	0.283608
0.201293	0.553891	0.244816
0.531801	0.467599	0.000600145
0.24035	0.613131	0.146519
0.224115	0.589168	0.186717
0.204792	0.581573	0.213635
0.181621	0.518406	0.299973
0.589704	0.410293	3.36153e-06
0.27789	0.522098	0.200012
0.227037	0.593804	0.179159
0.19262	0.519206	0.288174
0.156254	0.535556	0.30819
0.472222	0.522299	0.00547896
0.242499	0.621274	0.136227
0.255749	0.618275	0.125976
0.234624	0.607985	0.157391
0.184069	0.549089	0.266842
0.209131	0.619467	0.171402
0.282977	0.560095	0.156928
0.182084	0.582298	0.235618
0.146847	0.583835	0.269317
0.262179	0.57653	0.161291
0.222629	0.593095	0.184276
0.159015	0.649748	0.191238
0.149455	0.549262	0.301283
0.4948	0.474085	0.0311147
0.237561	0.507634	0.254804
0.217808	0.527611	0.254581
0.199638	0.462004	0.338358
0.218445	0.519101	0.262454
0.288515	0.530647	0.180838
0.254748	0.497777	0.247475
0.28737	0.487147	0.225483
0.273245	0.486374	0.240381
0.290163	0.461411	0.248426
0.269618	0.45864	0.271742
0.280595	0.486435	0.23297
0.534237	0.289306	0.176457
0.491584	0.323029	0.185387
0.5299	0.224302	0.245798
0.566816	0.182446	0.250739
0.496426	0.285474	0.2181
0.515605	0.223372	0.261023
0.533917	0.268126	0.197957
0.511691	0.296001	0.192308
0.513895	0.175385	0.31072
0.498661	0.254553	0.246786
0.528801	0.1008	0.370399
0.527494	0.0277782	0.444728
0.531051	0.0509302	0.418019
0.554024	0.238866	0.20711
0.513074	0.248713	0.238213
0.522357	0.270792	0.206851
0.499769	0.267417	0.232814
0.473214	0.24384	0.282946
0.498036	0.297791	0.204173
0.545449	0.209821	0.24473
0.510042	0.233469	0.256488
0.542764	0.263083	0.194153
0.494871	0.249806	0.255323
0.532344	0.329013	0.138643
0.492193	0.291527	0.21628
0.539226	0.256536	0.204238
0.5021	0.249532	0.248368
0.525823	0.213909	0.260268
0.53644	0.228585	0.234975
0.548442	0.242434	0.209123
0.577913	0.196335	0.225752
0.524649	0.2671	0.208251
0.58029	0.297495	0.122214
0.283374	0.518204	0.198421
0.269002	0.459223	0.271775
0.525528	0.206639	0.267833
0.509615	0.212921	0.277464
0.529547	0.121829	0.348623
0.523319	0.232335	0.244346
0.492858	0.243416	0.263726
0.537299	0.0113711	0.45133
0.547378	0.210494	0.242128
0.53068	0.012589	0.456731
0.535754	0.120724	0.343522
0.532529	0.174629	0.292841
0.53738	0.316192	0.146428
0.510446	0.307333	0.182221
0.501703	0.326732	0.171565
0.467299	0.299707	0.232994
0.515993	0.316198	0.167809
0.503655	0.269014	0.227331
0.515096	0.248177	0.236727
0.533328	0.2158	0.250873
0.488187	0.255759	0.256054
0.559489	0.165346	0.275165
0.505086	0.292931	0.201983
0.513465	0.201077	0.285457
0.538286	0.142052	0.319662
0.544997	0.245353	0.209649
0.532098	0.229971	0.237931
0.23333	0.544449	0.222221
0.169714	0.546825	0.28346
0.138595	0.586871	0.274534
0.509068	0.474648	0.0162835
0.460921	3.37663e-06	0.539075
0.214427	0.539208	0.246365
0.219419	0.501386	0.279195
0.177321	0.555713	0.266966
0.189561	0.523458	0.286981
0.16395	0.581465	0.254585
0.492709	0.495453	0.0118384
0.459892	3.36631e-06	0.540104
0.467703	0.525838	0.00645882
0.495257	0.478615	0.0261282
0.15289	0.596146	0.250965
0.50369	0.494281	0.00202941
0.166172	0.588666	0.245162
0.519113	0.107113	0.373774
0.491755	0.492861	0.0153836
0.502989	0.490819	0.00619131
0.517931	0.107736	0.374333
0.530437	0.0234813	0.446082
0.162721	0.574707	0.262571
0.476429	0.503894	0.0196765
0.507464	0.451468	0.0410683
0.467638	3.36513e-06	0.532359
0.525649	0.473129	0.00122196
0.147433	0.590801	0.261765
0.541619	0.0436955	0.414685
0.508183	3.36473e-06	0.491814
0.524902	3.36269e-06	0.475094
0.489063	0.502957	0.00798009
0.475357	0.521994	0.00264838
0.505078	0.477269	0.0176527
0.492947	0.47279	0.0342632
0.508813	0.101416	0.389771
0.480162	3.36016e-06	0.519835
0.492942	0.489548	0.0175095
0.495579	0.503907	0.000514216
0.552073	0.077524	0.370403
0.508541	0.480385	0.0110736
0.51103	0.00972653	0.479243
0.481071	3.35823e-06	0.518925
0.547861	0.451523	0.000615116
0.483057	0.515587	0.00135604
0.480144	3.35785e-06	0.519852
0.508645	0.467606	0.0237491
0.495233	3.35769e-06	0.504763
0.249301	0.461229	0.28947
0.367897	0.461649	0.170454
0.980643	0.00509503	0.0142621
9.73641e-06	9.73641e-06	0.999981
0.999841	7.92881e-05	7.92881e-05
0.999987	6.7087e-06	6.7087e-06
0.999909	4.5568e-05	4.5568e-05
0.990096	0.0098243	7.99307e-05
0.999817	9.15625e-05	9.16045e-05
0.999977	1.14107e-05	1.14107e-05
0.999979	1.04158e-05	1.04162e-05
0.999986	6.75949e-06	6.75972e-06
1.04173e-05	1.04167e-05	0.999979
8.1141e-06	8.1141e-06	0.999984
9.4643e-06	9.4643e-06	0.999981
7.63561e-06	7.63561e-06	0.999985
8.34556e-06	8.34556e-06	0.999983
8.65747e-06	8.65747e-06	0.999983
7.03932e-06	7.03932e-06	0.999986
0.999971	1.4718e-05	1.47187e-05
0.999985	7.73873e-06	7.73901e-06
0.999985	7.5442e-06	7.54447e-06
0.999982	8.9178e-06	8.91816e-06
0.0806898	0.725215	0.194095
0.999962	1.92122e-05	1.92122e-05
1.41207e-05	0.963505	0.0364806
0.999986	7.04451e-06	7.04562e-06
0.999965	1.74901e-05	1.74902e-05
0.999914	4.29254e-05	4.29254e-05
0.183545	0.589189	0.227267
6.96369e-06	0.502641	0.497352
0.17153	0.586737	0.241733
0.999986	6.94501e-06	6.94501e-06
7.06192e-06	0.846165	0.153828
7.07028e-06	0.979099	0.0208935
3.36259e-05	0.838958	0.161009
0.345748	0.434381	0.219871
0.190432	0.691197	0.118371
0.171189	0.576789	0.252022
0.313819	0.505292	0.180889
0.0467905	0.790475	0.162735
0.106294	0.642249	0.251456
0.146251	0.656413	0.197337
0.229815	0.577711	0.192474
1.15169e-05	0.356037	0.643951
0.00991573	0.799802	0.190282
0.925736	8.53457e-06	0.0742555
0.999953	2.33797e-05	2.33797e-05
0.999847	7.66153e-05	7.66252e-05
6.8305e-06	0.988504	0.0114891
1.44792e-05	0.96688	0.0331055
1.19541e-05	0.991387	0.00860077
0.930034	1.78377e-05	0.0699479
0.869097	7.35159e-06	0.130896
0.901757	1.00835e-05	0.0982328
0.891937	7.42473e-06	0.108056
0.999972	1.37517e-05	1.37536e-05
0.999984	7.99576e-06	7.99576e-06
0.999986	7.12869e-06	7.12869e-06
0.999984	8.04284e-06	8.04314e-06
1.09516e-05	0.999783	0.00020648
1.11888e-05	0.999978	1.1189e-05
2.40424e-05	0.999952	2.40446e-05
4.6442e-05	0.999907	4.6442e-05
6.91448e-06	0.999145	0.000847611
1.27315e-05	0.982442	0.017545
3.9404e-05	0.995533	0.0044275
0.87666	3.70905e-05	0.123303
0.887256	1.79823e-05	0.112726
0.999975	1.2483e-05	1.2483e-05
0.999901	4.94286e-05	4.9467e-05
0.0834835	0.743977	0.17254
0.0913778	0.554581	0.354041
0.156406	0.540366	0.303228
0.987991	0.0030294	0.00897931
0.999915	4.25039e-05	4.25154e-05
0.99998	1.0123e-05	1.01236e-05
3.42e-06	3.42e-06	0.999993
0.999993	3.41728e-06	3.41789e-06
7.1264e-06	7.1264e-06	0.999986
