0.12015	0.87394	0.00591
0.24043	0.06912	0.69044
0.29321	0.42294	0.28385
0.50579	0.00001	0.49421
0.88840	0.05431	0.05729
0.00002	0.00842	0.99156
0.30890	0.02711	0.66400
0.04012	0.81549	0.14439
0.54120	0.42545	0.03335
0.40824	0.18559	0.40616
0.93863	0.01160	0.04977
0.29493	0.00125	0.70382
0.30530	0.00006	0.69463
0.53132	0.37491	0.09377
0.36524	0.62990	0.00486
0.05309	0.62564	0.32127
0.00337	0.24595	0.75069
0.32747	0.67176	0.00077
0.00001	0.89042	0.10957
0.90804	0.07073	0.02123
0.13915	0.85560	0.00525
0.00071	0.82786	0.17143
0.87674	0.06471	0.05855
0.79507	0.13524	0.06969
0.84964	0.09579	0.05457
0.09310	0.18485	0.72205
0.61467	0.00173	0.38360
0.82635	0.17352	0.00013
0.54125	0.02892	0.42982
0.18770	0.28688	0.52541
0.19260	0.39619	0.41121
0.00814	0.79362	0.19824
0.40664	0.43238	0.16098
0.00000	0.59111	0.40889
0.26524	0.73429	0.00047
0.00050	0.75715	0.24235
0.10743	0.63060	0.26197
0.96677	0.00339	0.02984
0.23473	0.00086	0.76442
0.48021	0.46454	0.05525
0.00608	0.60504	0.38888
0.42702	0.24532	0.32766
0.11572	0.75100	0.13328
0.62832	0.03149	0.34018
0.99616	0.00353	0.00031
0.03637	0.96062	0.00301
0.94718	0.03169	0.02113
0.60360	0.06761	0.32878
0.01191	0.98794	0.00015
0.00003	0.19540	0.80457
0.39949	0.10373	0.49679
0.23888	0.10481	0.65631
0.12924	0.87012	0.00064
0.00022	0.00003	0.99975
0.14570	0.80384	0.05046
0.00440	0.36074	0.63486
0.00102	0.03302	0.96597
0.00178	0.99816	0.00007
0.40496	0.24852	0.34651
0.52546	0.14150	0.33304
0.66066	0.04265	0.29668
0.47938	0.50473	0.01589
0.29043	0.00142	0.70815
0.18149	0.72396	0.09455
0.97285	0.02715	0.00000
0.19273	0.78945	0.01783
0.09206	0.57757	0.33037
0.21535	0.77841	0.00624
0.23422	0.76462	0.00116
0.04588	0.17306	0.78105
0.13936	0.52203	0.33861
0.60488	0.36502	0.03010
0.07635	0.51049	0.41317
0.01690	0.86370	0.11941
0.00153	0.90236	0.09612
0.34279	0.00308	0.65413
0.00077	0.14494	0.85429
0.30489	0.14787	0.54724
0.31786	0.00507	0.67707
0.91168	0.04753	0.04079
0.12334	0.00248	0.87419
0.00329	0.27850	0.71821
0.12332	0.24103	0.63564
0.88870	0.00803	0.10327
0.18843	0.35465	0.45692
0.09278	0.83715	0.07008
0.02982	0.97009	0.00009
0.00015	0.18414	0.81571
0.19016	0.77863	0.03121
0.00303	0.29197	0.70499
0.72326	0.26277	0.01397
0.31074	0.04802	0.64124
0.93095	0.06905	0.00000
0.86935	0.01001	0.12064
0.15404	0.84406	0.00190
0.01180	0.49039	0.49782
0.47196	0.45195	0.07609
0.05774	0.10162	0.84064
0.35022	0.24826	0.40152
0.36371	0.56827	0.06802
0.21421	0.44565	0.34015
0.29664	0.06347	0.63990
0.28234	0.35422	0.36343
0.00061	0.53707	0.46231
0.10105	0.01224	0.88672
0.41794	0.51751	0.06455
0.96288	0.01889	0.01824
0.08046	0.30049	0.61905
0.91805	0.00106	0.08088
0.02817	0.00107	0.97076
0.24043	0.22835	0.53122
0.00671	0.00000	0.99329
0.10030	0.15642	0.74329
0.06511	0.91394	0.02094
0.68944	0.02810	0.28246
0.00444	0.68883	0.30674
0.00372	0.99285	0.00344
0.32858	0.66846	0.00296
0.08408	0.91287	0.00305
0.60890	0.37906	0.01204
